,00:00,01:00,02:00,03:00,04:00,05:00,06:00,07:00,08:00,09:00,10:00,11:00,12:00,13:00,14:00,15:00,16:00,17:00,18:00,19:00,20:00,21:00,22:00,23:00
01/01/2025,0,1,0,0,0,0,1,1,1,5,2,8,3,2,5,4,1,1,0,1,0,0,0,0
02/01/2025,0,2,0,0,0,0,0,2,5,3,3,5,9,3,4,4,3,1,2,2,1,0,2,1
03/01/2025,2,0,0,0,0,0,1,0,5,3,7,4,3,6,6,1,4,2,1,0,1,2,2,0
04/01/2025,0,2,0,0,0,0,1,0,1,6,5,9,9,6,7,8,5,1,4,2,0,2,4,0
05/01/2025,0,0,0,0,0,0,1,4,4,3,3,3,6,3,4,2,5,6,2,1,1,0,2,0
06/01/2025,0,0,0,0,0,0,0,0,2,3,2,8,8,1,7,2,1,2,2,1,1,4,1,1
07/01/2025,0,0,0,0,0,0,0,0,4,3,3,1,3,3,1,1,0,0,2,0,0,1,0,0
08/01/2025,0,1,0,0,0,0,2,3,0,4,3,7,4,6,2,9,4,3,0,0,3,0,1,1
09/01/2025,1,0,0,0,0,0,1,3,5,4,10,6,7,6,7,4,5,5,4,2,1,2,2,0
10/01/2025,0,0,0,0,0,0,1,0,0,0,1,2,0,2,1,0,1,1,0,1,0,0,0,1
11/01/2025,1,0,0,0,0,0,1,1,0,2,0,3,6,1,4,3,4,3,2,2,2,0,1,1
12/01/2025,1,1,0,0,0,0,1,1,6,0,2,2,4,5,3,1,1,2,1,2,0,0,1,2
13/01/2025,0,0,0,0,0,0,1,2,2,3,5,5,3,4,3,2,5,2,0,1,2,2,2,0
14/01/2025,0,2,0,0,0,0,1,2,6,3,6,10,8,8,3,3,4,2,4,1,1,2,0,2
15/01/2025,0,0,0,0,0,0,0,2,2,4,2,5,5,5,5,3,2,2,0,1,0,0,2,3
16/01/2025,1,1,0,0,0,0,0,1,4,9,7,4,5,9,4,5,5,2,3,3,1,0,0,3
17/01/2025,1,1,0,0,0,0,2,1,3,5,8,5,9,5,3,5,3,4,1,3,2,1,0,0
18/01/2025,0,0,0,0,0,0,0,1,5,7,3,6,3,2,3,3,4,5,3,1,0,0,0,0
19/01/2025,2,3,0,0,0,0,3,0,2,1,5,5,5,9,7,3,1,3,0,1,1,0,0,0
20/01/2025,1,1,0,0,0,0,0,1,8,3,6,8,6,4,5,5,2,1,1,2,2,0,1,0
21/01/2025,2,1,0,0,0,0,2,1,0,1,5,2,4,4,8,3,3,0,0,0,1,0,1,1
22/01/2025,1,0,0,0,0,0,3,2,5,1,6,4,3,6,4,2,2,0,3,0,0,0,2,0
23/01/2025,0,0,0,0,0,0,0,2,2,1,3,10,4,6,6,3,6,1,1,0,0,1,1,0
24/01/2025,0,1,0,0,0,0,0,0,5,2,4,10,6,4,5,4,2,2,2,1,0,1,1,1
25/01/2025,0,0,0,0,0,0,0,4,3,3,2,3,5,6,4,4,1,1,1,0,0,0,2,1
26/01/2025,2,0,0,0,0,0,1,1,1,8,3,6,3,2,7,3,5,1,3,2,0,2,0,0
27/01/2025,3,0,0,0,0,0,4,0,4,6,3,5,6,5,5,3,3,3,3,0,0,4,0,0
28/01/2025,0,0,0,0,0,0,0,1,2,2,1,3,1,3,3,3,0,2,3,0,0,1,0,0
29/01/2025,2,0,0,0,0,0,3,1,3,1,6,7,3,1,10,4,3,3,1,0,1,0,0,0
30/01/2025,0,2,0,0,0,0,2,2,4,11,8,6,1,6,11,2,4,0,4,1,2,1,0,1
31/01/2025,1,1,0,0,0,0,1,1,1,3,3,4,2,3,0,1,1,2,1,0,0,0,1,0
01/02/2025,1,0,0,0,0,0,1,1,3,2,5,6,3,3,4,7,3,2,1,0,1,1,0,0
02/02/2025,1,1,0,0,0,0,1,1,1,3,6,7,7,6,9,5,5,2,2,4,3,1,0,1
03/02/2025,1,0,0,0,0,0,1,2,2,5,4,10,6,2,1,3,2,3,1,3,3,0,3,1
04/02/2025,0,0,0,0,0,0,0,6,2,4,4,6,7,4,3,3,0,1,2,2,1,1,1,2
05/02/2025,1,2,0,0,0,0,0,1,1,2,4,1,4,2,4,1,4,0,0,1,0,1,0,0
06/02/2025,0,0,0,0,0,0,1,0,0,1,2,3,0,2,2,2,2,0,1,1,1,0,1,0
07/02/2025,1,0,0,0,0,0,0,1,4,4,5,0,7,3,3,2,1,3,0,1,3,0,0,0
08/02/2025,0,1,0,0,0,0,1,7,1,4,4,6,4,2,5,3,0,3,4,2,0,0,0,1
09/02/2025,0,2,0,0,0,0,1,0,2,4,2,5,5,2,0,2,2,1,3,1,0,1,0,0
10/02/2025,0,0,0,0,0,0,1,3,4,0,4,8,2,0,2,2,2,2,1,0,0,2,0,0
11/02/2025,0,0,0,0,0,0,1,2,3,4,5,7,6,5,10,2,2,1,2,2,2,2,3,1
12/02/2025,0,0,0,0,0,0,1,0,3,0,1,2,1,2,1,1,1,1,1,2,2,1,1,0
13/02/2025,0,0,0,0,0,0,3,1,0,2,6,8,6,2,1,2,0,1,1,3,2,2,0,1
14/02/2025,1,0,0,0,0,0,1,1,1,0,4,6,2,5,4,1,1,2,0,0,1,0,0,1
15/02/2025,1,0,0,0,0,0,2,5,3,4,3,5,11,5,9,8,3,9,2,2,3,1,0,1
16/02/2025,1,1,0,0,0,0,0,1,3,6,1,2,8,5,4,3,2,0,2,1,0,3,0,2
17/02/2025,0,0,0,0,0,0,1,1,0,0,0,0,0,0,0,1,1,0,0,0,0,0,1,0
18/02/2025,1,1,0,0,0,0,0,1,4,1,3,3,5,5,4,2,1,2,1,1,2,2,1,1
19/02/2025,0,0,0,0,0,0,2,3,2,5,2,1,5,5,3,0,1,3,3,0,1,0,1,0
20/02/2025,0,0,0,0,0,0,1,4,4,7,12,4,9,12,10,3,6,3,3,0,2,1,2,0
21/02/2025,0,0,0,0,0,0,1,0,3,4,4,2,5,4,9,2,3,3,1,1,2,2,0,0
22/02/2025,0,1,0,0,0,0,1,1,4,0,3,7,3,6,4,3,2,1,1,1,2,0,2,0
23/02/2025,0,1,0,0,0,0,1,1,3,4,6,3,7,7,1,5,3,5,2,3,1,1,1,0
24/02/2025,0,1,0,0,0,0,0,2,1,1,1,3,1,0,0,2,2,2,0,0,0,2,0,0
25/02/2025,1,0,0,0,0,0,3,1,4,5,2,5,5,3,4,2,2,3,1,0,0,2,0,1
26/02/2025,0,0,0,0,0,0,3,1,1,2,6,9,7,10,11,9,8,5,2,1,0,2,1,1
27/02/2025,0,1,0,0,0,0,0,0,3,5,2,6,5,6,3,4,2,3,2,0,1,0,2,0
28/02/2025,1,0,0,0,0,0,1,3,7,5,8,5,3,5,5,6,1,5,1,0,2,3,1,1
01/03/2025,1,0,0,0,0,0,2,3,2,4,5,5,7,4,5,7,2,1,0,1,1,2,2,0
02/03/2025,1,0,0,0,0,0,0,2,5,3,10,12,10,11,7,8,4,2,1,2,2,2,1,1
03/03/2025,0,0,0,0,0,0,4,1,4,3,2,4,4,5,2,2,4,0,0,4,0,0,0,3
04/03/2025,1,0,0,0,0,0,1,1,1,5,9,8,9,10,7,6,7,1,2,2,0,2,0,1
05/03/2025,4,0,0,0,0,0,1,7,5,1,7,3,0,9,7,4,7,6,5,2,1,1,0,2
06/03/2025,0,0,0,0,0,0,2,5,2,6,6,4,4,7,6,5,3,3,2,0,3,1,0,0
07/03/2025,2,1,0,0,0,0,0,2,4,5,5,10,10,3,3,5,1,4,0,1,2,1,3,2
08/03/2025,0,0,0,0,0,0,1,4,1,5,10,6,8,3,10,7,2,4,3,1,3,4,1,0
09/03/2025,0,0,0,0,0,0,0,5,3,4,4,10,12,7,6,2,3,2,1,0,0,0,0,2
10/03/2025,2,0,0,0,0,0,0,3,4,4,12,14,7,7,5,10,5,5,0,1,5,0,2,1
11/03/2025,1,1,0,0,0,0,0,3,9,6,7,12,8,17,8,5,1,5,0,7,4,1,5,1
12/03/2025,0,0,0,0,0,0,1,0,1,2,2,3,6,4,5,2,1,0,3,1,1,1,0,0
13/03/2025,1,0,0,0,0,0,0,1,1,6,4,8,4,4,5,1,1,3,2,1,0,2,1,0
14/03/2025,1,0,0,0,0,0,2,1,5,4,5,6,10,4,4,8,2,1,0,0,1,0,0,0
15/03/2025,2,0,0,0,0,0,2,3,0,5,5,4,7,7,3,1,4,6,3,2,2,2,1,0
16/03/2025,0,1,0,0,0,0,2,2,0,1,2,4,4,4,5,3,3,1,2,0,1,0,1,0
17/03/2025,1,0,0,0,0,0,1,3,4,7,4,9,6,5,7,9,4,0,2,1,1,0,2,0
18/03/2025,0,0,0,0,0,0,1,6,1,6,5,7,11,6,6,9,4,3,2,3,1,2,0,0
19/03/2025,0,0,0,0,0,0,0,1,2,6,3,5,3,6,1,2,4,4,0,0,3,1,1,0
20/03/2025,1,1,0,0,0,0,0,1,5,5,3,4,4,3,4,3,3,1,3,2,0,2,0,1
21/03/2025,1,0,0,0,0,0,1,1,3,6,7,5,4,6,3,4,2,2,2,1,0,0,2,0
22/03/2025,0,0,0,0,0,0,1,3,5,5,6,5,6,3,4,5,2,2,3,1,0,1,1,0
23/03/2025,0,1,0,0,0,0,1,0,2,3,2,1,3,1,2,3,2,2,0,0,1,0,1,1
24/03/2025,2,0,0,0,0,0,1,1,1,4,6,2,6,3,1,4,5,2,0,0,0,1,1,0
25/03/2025,0,0,0,0,0,0,0,0,1,3,1,1,2,4,4,1,0,2,2,0,0,1,0,0
26/03/2025,1,0,0,0,0,0,4,1,3,6,5,5,5,4,4,4,0,2,2,4,1,0,1,0
27/03/2025,0,2,0,0,0,0,2,0,3,6,4,7,6,12,9,8,3,0,2,1,3,1,1,2
28/03/2025,1,1,0,0,0,0,2,0,4,3,9,10,7,8,2,5,5,1,2,2,1,3,3,1
29/03/2025,0,0,0,0,0,0,0,2,5,3,6,0,4,12,10,2,9,2,0,1,0,0,0,2
30/03/2025,1,1,0,0,0,0,2,3,7,3,6,5,9,6,4,5,3,1,1,2,0,0,1,0
31/03/2025,0,0,0,0,0,0,1,0,0,1,5,6,3,5,3,2,1,1,1,2,1,0,1,1
01/04/2025,0,0,0,0,0,0,3,1,5,9,2,8,11,2,9,5,3,6,1,0,0,1,1,0
02/04/2025,1,1,0,0,0,0,1,2,3,4,5,2,3,1,3,1,5,1,1,0,0,1,0,0
03/04/2025,0,1,0,0,0,0,2,1,2,2,4,4,5,1,3,6,2,1,3,1,0,1,3,3
04/04/2025,0,0,0,0,0,0,1,2,4,6,4,10,5,7,1,4,1,1,0,2,2,1,0,1
05/04/2025,0,0,0,0,0,0,1,1,4,3,7,4,4,3,2,1,5,0,1,1,0,2,0,0
06/04/2025,0,0,0,0,0,0,0,4,8,6,8,8,11,9,8,6,4,1,4,2,0,1,2,3
07/04/2025,1,0,0,0,0,0,1,3,3,3,1,10,3,7,5,7,6,5,1,4,0,2,0,0
08/04/2025,1,0,0,0,0,0,0,3,4,9,3,4,7,5,3,2,2,7,3,1,0,2,3,2
09/04/2025,2,1,0,0,0,0,0,6,4,3,3,6,6,6,4,3,1,0,1,0,0,0,1,0
10/04/2025,1,0,0,0,0,0,1,1,5,4,5,1,10,7,3,4,4,3,3,0,1,1,1,0
11/04/2025,1,0,0,0,0,0,2,2,2,4,2,9,5,5,3,1,1,1,2,1,0,0,1,1
12/04/2025,0,1,0,0,0,0,1,3,6,5,5,5,6,6,5,8,4,2,1,1,1,2,2,0
13/04/2025,0,0,0,0,0,0,2,2,5,10,12,3,4,7,7,4,3,3,1,2,2,1,2,0
14/04/2025,0,0,0,0,0,0,1,2,2,3,3,3,0,4,3,5,4,0,2,1,1,0,0,0
15/04/2025,0,1,0,0,0,0,0,4,3,3,3,9,1,6,2,0,4,1,2,1,1,0,1,1
16/04/2025,1,0,0,0,0,0,2,0,2,2,5,5,7,4,5,3,7,3,0,1,2,0,0,0
17/04/2025,2,0,0,0,0,0,0,1,5,3,4,2,3,6,1,1,4,1,0,1,0,1,1,0
18/04/2025,0,0,0,0,0,0,3,1,2,6,4,3,4,7,5,9,1,5,2,4,2,0,1,1
19/04/2025,0,0,0,0,0,0,0,0,1,2,3,6,5,2,2,4,0,1,0,0,1,1,0,0
20/04/2025,0,0,0,0,0,0,1,2,1,3,2,1,5,0,3,1,1,3,1,0,2,1,0,0
21/04/2025,1,0,0,0,0,0,0,1,1,2,2,3,2,1,1,4,1,2,3,1,0,0,0,0
22/04/2025,0,1,0,0,0,0,0,1,2,3,1,3,2,7,7,2,2,3,3,3,1,2,3,0
23/04/2025,1,1,0,0,0,0,1,0,3,6,3,7,4,3,5,1,4,3,2,2,2,0,0,3
24/04/2025,1,0,0,0,0,0,0,4,5,8,9,7,10,5,8,4,4,4,2,0,2,1,0,1
25/04/2025,1,0,0,0,0,0,0,0,0,3,4,3,3,4,0,2,3,0,0,0,0,0,0,0
26/04/2025,1,2,0,0,0,0,1,2,5,3,6,7,4,6,2,5,2,7,4,0,1,0,0,1
27/04/2025,0,0,0,0,0,0,2,0,4,3,6,2,3,4,6,4,5,2,1,0,2,0,2,1
28/04/2025,0,0,0,0,0,0,2,3,1,1,1,9,6,4,3,3,5,10,1,0,3,3,1,0
29/04/2025,0,0,0,0,0,0,0,1,0,0,2,1,0,2,0,0,1,1,1,1,0,0,0,1
30/04/2025,0,0,0,0,0,0,0,2,1,4,5,3,3,5,9,5,3,0,2,1,1,0,0,1
01/05/2025,1,1,0,0,0,0,0,1,2,4,9,5,4,2,1,6,3,6,1,2,1,0,1,1
02/05/2025,0,0,0,0,0,0,0,2,0,3,1,8,6,4,6,5,5,3,5,3,2,0,0,0
03/05/2025,0,1,0,0,0,0,1,1,6,5,10,5,6,5,8,4,5,3,3,0,1,0,0,0
04/05/2025,0,0,0,0,0,0,1,0,2,4,1,5,5,4,1,4,3,3,1,0,1,0,1,1
05/05/2025,0,1,0,0,0,0,0,4,6,4,11,4,8,2,11,4,10,5,2,4,1,0,3,0
06/05/2025,0,0,0,0,0,0,1,0,0,3,2,2,3,2,0,0,2,1,1,0,0,0,1,0
07/05/2025,0,1,0,0,0,0,2,1,1,1,1,6,6,2,3,3,2,0,0,2,0,0,1,0
08/05/2025,0,0,0,0,0,0,0,3,8,5,5,9,11,4,6,3,4,1,4,0,1,0,4,2
09/05/2025,1,0,0,0,0,0,3,3,0,1,0,1,3,3,2,2,4,3,1,0,0,1,0,0
10/05/2025,0,0,0,0,0,0,1,0,4,0,3,4,7,6,1,0,4,0,1,0,2,1,1,0
11/05/2025,1,0,0,0,0,0,0,1,2,1,2,3,4,4,1,3,3,1,2,0,0,0,0,1
12/05/2025,1,0,0,0,0,0,3,2,1,3,3,2,5,2,1,1,3,2,0,2,2,0,0,0
13/05/2025,0,0,0,0,0,0,0,1,0,3,3,2,2,5,2,0,2,0,0,0,1,0,0,0
14/05/2025,3,0,0,0,0,0,1,0,3,4,1,9,4,6,1,3,0,2,2,0,1,0,0,1
15/05/2025,2,0,0,0,0,0,2,0,2,1,2,4,5,1,2,2,3,3,0,0,0,0,1,0
16/05/2025,1,0,0,0,0,0,2,1,2,0,2,8,3,1,6,5,0,1,2,1,0,0,1,1
17/05/2025,0,0,0,0,0,0,2,1,1,1,2,4,3,3,2,3,3,1,1,0,0,1,1,1
18/05/2025,0,0,0,0,0,0,0,3,0,1,1,2,2,4,2,0,3,0,0,1,0,0,0,1
19/05/2025,1,0,0,0,0,0,0,1,2,2,4,3,8,7,5,3,5,0,2,1,0,2,1,0
20/05/2025,0,0,0,0,0,0,2,2,1,5,7,6,5,5,5,8,3,3,2,2,0,2,0,1
21/05/2025,0,0,0,0,0,0,1,5,3,7,7,10,7,11,7,5,1,3,2,0,2,2,3,0
22/05/2025,0,2,0,0,0,0,2,0,2,1,5,6,2,4,5,3,3,2,2,1,3,2,3,0
23/05/2025,0,0,0,0,0,0,2,3,3,11,7,8,7,3,7,9,4,6,2,2,3,1,1,0
24/05/2025,0,0,0,0,0,0,3,2,4,2,3,4,5,5,0,2,1,1,1,1,2,1,1,0
25/05/2025,0,0,0,0,0,0,2,0,2,5,4,4,2,4,8,3,3,5,1,1,1,2,3,1
26/05/2025,0,1,0,0,0,0,3,1,6,3,2,6,5,5,10,8,0,3,3,0,0,1,2,0
27/05/2025,0,1,0,0,0,0,1,1,0,4,4,4,5,3,4,3,1,1,5,1,1,0,0,0
28/05/2025,0,1,0,0,0,0,2,3,2,5,1,1,6,3,2,2,5,4,1,0,3,1,0,0
29/05/2025,1,0,0,0,0,0,0,1,3,6,7,14,7,4,8,5,4,4,1,0,3,0,3,0
30/05/2025,0,1,0,0,0,0,1,1,4,2,11,9,9,6,5,5,7,3,1,1,1,1,0,0
31/05/2025,0,0,0,0,0,0,1,3,2,7,3,9,8,9,2,8,4,5,2,1,0,1,0,0
01/06/2025,0,0,0,0,0,0,1,0,4,2,2,3,3,3,5,0,0,0,0,1,0,0,2,0
02/06/2025,2,0,0,0,0,0,0,7,3,8,8,8,15,10,9,14,3,2,4,0,1,2,0,1
03/06/2025,0,0,0,0,0,0,0,0,0,0,0,0,0,0,0,0,0,0,0,0,0,0,0,0
04/06/2025,0,0,0,0,0,0,1,3,0,3,2,6,2,3,3,4,3,3,1,3,0,2,1,0
05/06/2025,1,0,0,0,0,0,2,3,2,8,5,7,9,9,9,4,2,6,3,0,2,0,2,2
06/06/2025,0,1,0,0,0,0,3,4,1,5,8,4,3,8,5,5,5,5,2,1,1,0,1,1
07/06/2025,1,0,0,0,0,0,2,3,3,2,4,4,6,2,7,4,0,3,0,0,3,1,2,0
08/06/2025,0,0,0,0,0,0,2,1,7,5,4,7,6,3,2,2,4,3,1,2,0,1,4,1
09/06/2025,0,0,0,0,0,0,0,1,6,6,4,5,4,7,5,5,4,3,3,0,1,1,1,0
10/06/2025,0,1,0,0,0,0,1,1,1,1,7,7,5,4,2,6,1,2,1,1,2,0,1,0
11/06/2025,0,1,0,0,0,0,3,4,3,6,8,4,15,6,5,8,5,2,1,3,4,3,1,0
12/06/2025,1,0,0,0,0,0,3,3,8,3,11,8,6,10,3,1,4,6,1,1,1,2,2,0
13/06/2025,0,0,0,0,0,0,0,0,1,2,8,2,2,5,4,3,3,3,3,1,1,1,0,1
14/06/2025,1,1,0,0,0,0,1,2,4,1,5,2,10,5,7,5,6,3,3,3,1,4,1,0
15/06/2025,0,0,0,0,0,0,0,4,1,1,2,5,8,4,3,0,2,1,1,2,0,0,0,1
16/06/2025,0,0,0,0,0,0,1,1,5,11,4,8,8,5,16,8,3,5,4,0,1,0,0,0
17/06/2025,2,1,0,0,0,0,3,2,0,6,5,12,4,6,6,8,5,4,2,2,0,0,2,1
18/06/2025,0,1,0,0,0,0,0,4,6,6,7,5,6,6,5,7,4,4,3,0,1,0,0,1
19/06/2025,3,0,0,0,0,0,1,1,2,7,3,9,5,5,4,6,3,4,0,1,0,1,0,0
20/06/2025,0,0,0,0,0,0,1,3,1,1,6,9,5,3,2,0,4,1,0,1,0,1,2,0
21/06/2025,1,0,0,0,0,0,2,0,2,2,7,5,4,3,3,3,3,1,2,0,0,0,0,0
22/06/2025,0,0,0,0,0,0,0,0,3,2,0,2,0,4,3,2,4,1,1,0,0,0,2,0
23/06/2025,1,0,0,0,0,0,0,0,2,4,3,6,4,6,5,2,4,0,1,1,1,1,0,2
24/06/2025,1,0,0,0,0,0,1,0,6,8,6,9,5,3,5,3,3,2,1,0,1,0,0,0
25/06/2025,1,0,0,0,0,0,1,3,2,3,4,3,2,4,2,3,4,2,3,1,1,0,0,0
26/06/2025,0,0,0,0,0,0,0,0,0,0,0,0,0,0,0,0,0,0,0,0,0,0,0,0
27/06/2025,0,0,0,0,0,0,0,3,1,4,2,4,4,1,0,5,0,1,0,0,1,2,2,1
28/06/2025,0,0,0,0,0,0,1,0,1,5,8,1,4,3,3,4,3,0,1,0,3,2,1,1
29/06/2025,0,1,0,0,0,0,1,0,2,3,0,4,4,2,3,3,0,0,0,0,1,0,3,0
30/06/2025,2,2,0,0,0,0,2,0,3,5,5,4,3,6,3,6,2,3,3,0,0,1,3,0
01/07/2025,1,0,0,0,0,0,1,3,1,4,4,2,6,7,10,4,2,4,1,0,1,2,2,1
02/07/2025,0,0,0,0,0,0,0,0,0,0,1,0,0,0,0,0,0,0,0,0,0,0,0,0
03/07/2025,1,0,0,0,0,0,0,2,3,4,5,6,4,6,6,5,3,2,1,4,4,1,0,1
04/07/2025,0,0,0,0,0,0,2,1,2,0,4,4,6,5,3,4,1,0,2,0,0,3,1,1
05/07/2025,0,0,0,0,0,0,0,1,2,2,2,2,4,2,2,4,2,1,2,1,0,3,0,2
06/07/2025,0,0,0,0,0,0,1,2,4,5,6,6,6,2,7,3,1,5,4,1,1,0,1,2
07/07/2025,0,0,0,0,0,0,0,0,0,2,3,1,4,2,1,1,0,2,0,0,1,0,0,0
08/07/2025,1,1,0,0,0,0,4,5,2,3,7,6,6,4,8,7,3,6,1,0,0,0,1,1
09/07/2025,3,1,0,0,0,0,3,3,3,4,5,4,10,4,3,5,3,5,1,1,1,0,1,1
10/07/2025,0,1,0,0,0,0,0,1,5,3,4,6,7,7,6,1,0,0,0,2,2,1,1,0
11/07/2025,0,2,0,0,0,0,1,0,6,3,6,6,10,4,11,1,5,3,3,5,1,4,0,0
12/07/2025,1,1,0,0,0,0,1,4,4,3,5,2,6,3,5,5,3,1,2,1,0,2,2,0
13/07/2025,1,0,0,0,0,0,0,3,0,2,4,3,2,3,3,3,1,2,2,1,0,0,1,0
14/07/2025,0,0,0,0,0,0,0,2,2,1,0,2,5,5,3,4,3,2,1,0,0,0,0,0
15/07/2025,1,1,0,0,0,0,1,3,3,7,6,7,5,9,5,2,4,3,2,2,0,3,1,0
16/07/2025,0,0,0,0,0,0,1,1,2,4,6,6,10,3,6,6,2,4,1,0,0,2,0,1
17/07/2025,0,1,0,0,0,0,7,3,6,7,8,6,7,8,5,7,10,5,4,1,0,0,2,1
18/07/2025,2,1,0,0,0,0,2,3,5,3,5,3,3,5,5,4,0,3,0,1,1,2,2,1
19/07/2025,2,0,0,0,0,0,0,1,2,5,5,4,1,9,7,1,5,4,1,3,2,1,2,1
20/07/2025,0,0,0,0,0,0,3,4,1,4,5,11,9,4,2,3,1,2,1,0,0,1,1,2
21/07/2025,0,0,0,0,0,0,1,0,1,3,2,6,2,4,6,1,2,2,4,1,0,1,2,1
22/07/2025,0,1,0,0,0,0,1,0,5,1,10,4,7,8,6,5,5,2,3,1,3,2,2,1
23/07/2025,3,0,0,0,0,0,0,0,2,4,2,7,4,3,3,2,4,0,2,0,2,2,0,0
24/07/2025,2,0,0,0,0,0,1,1,2,2,4,3,3,4,2,2,1,4,0,3,1,0,0,0
25/07/2025,0,1,0,0,0,0,1,1,7,5,4,1,10,7,5,1,0,2,1,2,1,1,1,1
26/07/2025,0,1,0,0,0,0,0,1,4,6,6,4,2,9,2,5,4,2,1,1,1,3,1,0
27/07/2025,0,0,0,0,0,0,1,0,1,2,6,2,2,2,5,2,1,2,4,0,2,1,1,0
28/07/2025,1,0,0,0,0,0,2,2,2,4,9,2,9,5,3,3,3,5,3,0,0,1,3,1
29/07/2025,0,0,0,0,0,0,0,0,1,1,2,2,1,2,1,2,0,1,0,0,0,1,0,0
30/07/2025,0,0,0,0,0,0,1,2,2,1,3,1,2,2,1,1,2,3,0,0,0,1,2,0
31/07/2025,0,0,0,0,0,0,1,0,1,1,3,2,4,7,1,1,3,2,1,0,0,0,0,1
01/08/2025,0,0,0,0,0,0,1,3,9,2,4,9,6,4,8,2,2,1,2,1,1,1,0,1
02/08/2025,0,0,0,0,0,0,1,2,1,4,2,5,5,4,2,7,2,0,1,0,0,1,0,1
03/08/2025,0,1,0,0,0,0,1,2,2,10,10,10,6,8,8,3,6,7,3,0,2,3,1,1
04/08/2025,0,0,0,0,0,0,0,2,1,4,3,1,4,3,1,2,1,0,0,1,1,0,0,0
05/08/2025,2,1,0,0,0,0,1,2,7,6,6,13,4,10,7,9,2,1,5,2,0,2,1,1
06/08/2025,2,1,0,0,0,0,1,1,8,3,5,2,3,6,6,3,3,3,1,2,1,5,3,0
07/08/2025,0,0,0,0,0,0,0,3,4,4,2,3,6,4,4,3,5,2,1,0,1,1,1,0
08/08/2025,0,0,0,0,0,0,0,2,5,2,2,5,3,5,3,0,2,3,0,3,1,1,1,0
09/08/2025,1,1,0,0,0,0,3,1,1,4,4,6,3,4,7,8,3,5,3,1,0,1,4,0
10/08/2025,0,0,0,0,0,0,0,0,1,1,0,2,2,2,3,1,0,2,3,0,0,0,0,0
11/08/2025,1,0,0,0,0,0,3,3,3,12,6,10,16,6,12,6,5,1,4,0,2,0,2,0
12/08/2025,1,0,0,0,0,0,0,2,1,3,2,4,3,6,2,0,2,1,1,2,0,1,0,1
13/08/2025,1,0,0,0,0,0,2,4,7,8,2,4,8,3,5,1,4,4,3,2,2,1,1,2
14/08/2025,1,0,0,0,0,0,0,1,4,6,6,4,9,4,6,1,0,4,2,2,3,2,1,1
15/08/2025,0,0,0,0,0,0,0,0,4,3,2,4,4,1,3,6,3,3,2,3,1,1,1,0
16/08/2025,1,0,0,0,0,0,1,1,3,4,4,5,3,6,2,3,2,1,3,0,0,1,2,1
17/08/2025,1,1,0,0,0,0,0,4,3,7,8,4,9,9,4,3,2,10,3,3,1,0,4,0
18/08/2025,0,0,0,0,0,0,0,0,0,3,3,4,5,8,5,6,2,2,0,0,2,1,1,1
19/08/2025,2,0,0,0,0,0,1,2,3,3,12,5,7,9,12,9,5,5,5,0,4,1,1,3
20/08/2025,0,2,0,0,0,0,1,2,8,4,3,8,9,5,4,2,4,3,4,4,0,0,0,0
21/08/2025,1,0,0,0,0,0,2,2,2,5,4,6,3,2,1,3,4,4,2,0,2,1,0,1
22/08/2025,2,0,0,0,0,0,2,2,2,8,3,5,2,3,5,2,3,2,2,1,1,0,1,2
23/08/2025,1,0,0,0,0,0,0,1,3,6,0,5,4,2,5,3,2,2,0,0,0,0,1,1
24/08/2025,1,0,0,0,0,0,2,3,2,3,5,6,4,6,7,8,2,2,2,1,2,1,0,1
25/08/2025,0,0,0,0,0,0,1,0,3,4,5,2,6,3,1,2,1,1,0,3,0,0,1,0
26/08/2025,0,0,0,0,0,0,1,2,4,4,3,5,4,5,6,3,3,3,1,1,0,2,2,1
27/08/2025,0,0,0,0,0,0,0,1,2,1,4,4,4,3,4,3,0,0,4,1,0,0,2,1
28/08/2025,1,1,0,0,0,0,1,1,2,4,6,7,8,4,8,5,1,5,0,3,1,0,2,1
29/08/2025,1,1,0,0,0,0,2,2,7,3,10,9,5,10,11,7,9,5,5,1,1,3,1,1
30/08/2025,0,0,0,0,0,0,0,0,4,1,6,7,4,4,6,5,3,5,3,1,1,0,1,1
31/08/2025,0,0,0,0,0,0,0,0,0,1,2,2,1,0,0,1,1,0,0,0,0,0,0,0
01/09/2025,0,0,0,0,0,0,0,0,2,0,0,2,1,1,5,1,1,0,0,0,0,0,0,0
02/09/2025,1,1,0,0,0,0,1,1,4,6,6,5,10,8,5,4,5,3,4,1,3,3,0,1
03/09/2025,3,0,0,0,0,0,2,2,2,6,4,6,6,3,1,5,1,1,1,1,0,1,0,1
04/09/2025,0,0,0,0,0,0,0,2,1,1,3,4,2,3,3,4,4,2,0,0,0,1,0,1
05/09/2025,1,2,0,0,0,0,1,3,1,6,3,4,2,4,2,3,6,2,2,3,2,1,1,0
06/09/2025,1,1,0,0,0,0,0,1,2,2,0,1,2,0,1,0,2,3,0,0,0,0,0,0
07/09/2025,1,0,0,0,0,0,2,0,2,3,4,5,5,2,3,3,2,3,2,1,0,0,0,0
08/09/2025,1,0,0,0,0,0,0,1,2,3,6,6,8,3,6,3,3,6,2,0,0,1,1,1
09/09/2025,1,1,0,0,0,0,1,2,5,5,2,5,6,6,6,4,4,7,3,2,3,1,0,0
10/09/2025,1,1,0,0,0,0,1,0,0,1,4,1,9,2,2,2,1,2,2,4,0,0,1,0
11/09/2025,0,0,0,0,0,0,0,2,3,4,7,9,6,6,9,5,2,3,2,2,0,0,0,2
12/09/2025,0,0,0,0,0,0,1,0,4,5,5,8,9,8,7,5,4,2,4,0,2,1,2,1
13/09/2025,0,1,0,0,0,0,0,0,1,3,2,2,4,4,2,5,0,0,2,1,2,0,0,0
14/09/2025,3,0,0,0,0,0,0,6,0,3,4,6,5,4,4,3,5,3,4,2,5,2,2,1
15/09/2025,1,0,0,0,0,0,0,1,2,3,5,3,3,8,5,2,3,1,1,0,0,0,1,2
16/09/2025,1,0,0,0,0,0,0,1,1,2,2,5,4,3,0,2,2,2,2,0,0,1,2,0
17/09/2025,1,0,0,0,0,0,0,0,2,3,2,5,3,2,4,5,2,1,1,1,0,1,1,0
18/09/2025,0,0,0,0,0,0,3,2,7,3,13,14,10,6,4,4,7,1,2,2,1,0,0,2
19/09/2025,0,0,0,0,0,0,0,1,4,5,3,7,5,6,1,4,2,5,1,1,2,2,1,0
20/09/2025,0,1,0,0,0,0,0,0,0,1,1,2,3,1,1,1,2,0,0,0,2,0,0,0
21/09/2025,0,0,0,0,0,0,0,2,1,2,3,1,3,2,2,3,5,2,1,2,0,0,2,0
22/09/2025,1,1,0,0,0,0,2,2,4,7,8,6,12,8,7,4,4,2,3,1,0,2,0,0
23/09/2025,1,0,0,0,0,0,1,2,4,6,3,6,3,8,3,5,3,0,3,0,2,1,0,0
24/09/2025,0,1,0,0,0,0,1,0,1,3,1,6,6,2,4,3,2,1,1,1,1,0,1,0
25/09/2025,0,0,0,0,0,0,0,1,3,4,0,3,3,9,4,2,1,0,1,1,0,0,0,0
26/09/2025,0,0,0,0,0,0,1,3,7,2,3,10,6,14,3,8,9,1,3,1,1,3,2,1
27/09/2025,1,1,0,0,0,0,1,1,2,4,8,6,4,6,4,9,1,1,1,1,1,2,1,0
28/09/2025,0,0,0,0,0,0,1,3,3,4,5,6,2,7,10,7,3,5,4,0,3,1,2,2
29/09/2025,0,0,0,0,0,0,2,2,2,4,7,10,7,7,8,3,3,1,4,3,3,1,2,1
30/09/2025,0,1,0,0,0,0,0,1,4,6,3,2,4,8,4,2,3,5,1,2,2,1,1,2
01/10/2025,2,1,0,0,0,0,1,3,6,3,5,8,13,9,6,7,11,5,4,1,1,1,3,1
02/10/2025,2,0,0,0,0,0,0,0,0,1,0,0,2,3,1,2,2,1,1,0,0,1,0,0
03/10/2025,0,1,0,0,0,0,1,1,1,5,4,10,5,9,3,6,1,4,4,2,1,1,2,0
04/10/2025,1,1,0,0,0,0,0,2,6,1,1,7,5,5,5,6,3,0,2,2,1,1,0,0
05/10/2025,0,2,0,0,0,0,1,2,3,2,9,6,8,7,6,4,4,4,2,1,2,1,4,2
06/10/2025,0,0,0,0,0,0,0,1,0,1,2,3,1,1,0,2,0,2,1,0,0,0,0,0
07/10/2025,0,0,0,0,0,0,0,1,2,0,2,2,2,6,4,3,0,1,2,0,0,0,0,0
08/10/2025,1,2,0,0,0,0,2,2,3,4,4,4,8,9,5,4,5,5,3,1,3,0,2,2
09/10/2025,1,1,0,0,0,0,2,2,4,10,4,5,5,7,7,1,1,3,5,1,2,0,0,2
10/10/2025,0,0,0,0,0,0,1,2,4,2,3,4,6,0,6,3,2,2,0,1,0,2,1,0
11/10/2025,2,0,0,0,0,0,2,3,1,4,5,3,4,3,4,2,2,4,1,0,1,1,0,1
12/10/2025,0,1,0,0,0,0,0,0,1,2,2,5,1,3,4,2,0,3,0,2,1,1,1,0
13/10/2025,0,0,0,0,0,0,1,0,1,0,0,0,1,1,0,1,0,0,0,0,0,0,1,1
14/10/2025,0,0,0,0,0,0,1,1,5,2,4,4,6,2,5,0,4,1,1,2,2,0,1,0
15/10/2025,0,0,0,0,0,0,0,1,2,1,1,2,1,5,2,7,3,0,0,0,0,0,1,1
16/10/2025,0,1,0,0,0,0,0,4,3,5,1,4,6,8,5,5,3,2,2,0,0,1,2,0
17/10/2025,0,0,0,0,0,0,0,0,2,0,1,1,1,2,5,1,3,4,0,0,1,1,0,1
18/10/2025,0,1,0,0,0,0,1,1,2,3,1,8,4,11,7,3,3,5,3,0,0,1,1,2
19/10/2025,1,1,0,0,0,0,1,2,4,6,11,11,6,8,7,7,5,4,2,5,0,1,3,1
20/10/2025,1,0,0,0,0,0,0,1,1,0,0,2,2,6,1,4,0,0,0,1,1,1,0,0
21/10/2025,3,0,0,0,0,0,0,1,2,3,2,5,6,4,7,1,5,2,5,2,1,3,1,1
22/10/2025,1,1,0,0,0,0,0,3,5,4,6,9,1,7,7,8,3,2,3,2,4,1,0,0
23/10/2025,0,0,0,0,0,0,0,2,1,4,4,6,6,4,8,7,5,4,2,1,1,0,3,0
24/10/2025,2,1,0,0,0,0,3,0,3,5,5,7,5,8,5,4,2,2,2,0,3,1,0,0
25/10/2025,1,0,0,0,0,0,3,2,8,5,4,9,4,8,5,4,4,2,1,1,1,0,0,0
26/10/2025,1,2,0,0,0,0,2,2,0,4,3,4,7,4,6,2,3,1,0,1,0,0,0,0
27/10/2025,0,0,0,0,0,0,0,0,2,0,3,2,1,2,2,2,2,1,1,0,0,0,0,1
28/10/2025,1,2,0,0,0,0,1,3,3,8,5,6,9,6,4,4,4,1,3,1,3,1,0,0
29/10/2025,0,0,0,0,0,0,1,2,4,8,4,7,10,3,4,5,5,1,3,0,1,1,1,0
30/10/2025,0,0,0,0,0,0,1,1,2,4,5,5,4,4,7,2,4,1,2,3,0,0,3,1
31/10/2025,0,0,0,0,0,0,0,1,0,0,3,3,1,3,3,4,6,0,2,0,1,0,1,0
01/11/2025,0,0,0,0,0,0,0,4,3,1,3,4,4,3,2,1,0,1,0,0,0,1,0,0
02/11/2025,1,0,0,0,0,0,4,4,1,6,4,3,1,2,3,2,2,3,0,1,2,0,2,3
03/11/2025,1,0,0,0,0,0,1,1,0,2,3,4,0,0,3,0,1,1,2,3,0,1,0,0
04/11/2025,0,1,0,0,0,0,1,1,3,5,4,9,8,6,9,9,5,4,1,1,0,0,1,1
05/11/2025,1,1,0,0,0,0,0,1,2,2,2,3,2,1,2,0,3,2,1,1,0,1,0,0
06/11/2025,1,0,0,0,0,0,1,1,3,4,4,5,6,8,5,5,6,3,3,0,2,1,2,0
07/11/2025,1,0,0,0,0,0,0,1,1,5,3,9,10,5,1,5,0,5,2,1,2,0,4,1
08/11/2025,1,0,0,0,0,0,2,2,6,4,4,7,4,6,7,7,5,3,5,3,1,3,1,3
09/11/2025,1,1,0,0,0,0,2,0,3,3,6,7,6,8,7,3,3,4,1,0,2,2,0,3
10/11/2025,1,0,0,0,0,0,1,3,5,7,6,13,8,9,7,5,5,4,0,1,1,1,4,0
11/11/2025,0,0,0,0,0,0,3,5,4,7,7,8,6,6,4,3,5,4,1,0,1,3,2,0
12/11/2025,1,0,0,0,0,0,0,1,1,5,9,7,3,4,5,1,1,3,1,1,1,0,0,0
13/11/2025,0,1,0,0,0,0,2,1,2,4,8,4,6,5,3,5,2,4,0,3,0,2,1,0
14/11/2025,0,0,0,0,0,0,2,0,4,3,3,9,5,4,5,1,1,2,5,2,0,0,2,0
15/11/2025,1,0,0,0,0,0,1,1,1,6,8,6,4,6,9,4,6,4,4,1,1,0,0,0
16/11/2025,2,0,0,0,0,0,1,0,3,5,6,8,3,4,1,5,2,3,2,2,0,1,0,0
17/11/2025,1,0,0,0,0,0,0,1,7,5,7,6,5,2,5,6,9,4,1,2,3,3,2,0
18/11/2025,0,0,0,0,0,0,0,0,0,0,1,0,2,1,1,0,2,0,1,0,0,1,1,0
19/11/2025,0,1,0,0,0,0,3,0,1,2,4,9,13,5,4,2,6,1,2,0,1,2,0,0
20/11/2025,0,0,0,0,0,0,1,0,3,5,6,10,6,3,4,3,4,3,1,0,1,1,2,1
21/11/2025,0,1,0,0,0,0,3,0,6,2,2,4,5,6,4,2,5,4,0,4,1,3,3,1
22/11/2025,2,0,0,0,0,0,0,2,8,5,7,1,7,5,4,2,3,1,2,2,1,1,3,1
23/11/2025,0,1,0,0,0,0,1,2,0,8,7,4,6,9,8,6,2,3,0,1,1,0,3,3
24/11/2025,0,0,0,0,0,0,0,2,2,5,3,4,3,4,5,3,3,2,1,0,1,2,0,0
25/11/2025,0,0,0,0,0,0,0,0,2,2,1,2,2,0,0,1,0,0,2,0,0,0,0,0
26/11/2025,0,0,0,0,0,0,0,1,1,2,7,4,6,4,3,2,1,1,1,1,0,1,0,1
27/11/2025,0,0,0,0,0,0,2,2,6,4,5,6,5,4,5,5,6,4,1,1,1,0,1,0
28/11/2025,0,1,0,0,0,0,4,3,4,9,3,5,11,7,8,5,5,3,2,3,1,1,1,1
29/11/2025,1,0,0,0,0,0,1,0,1,5,2,6,3,4,4,3,1,5,3,2,1,2,1,1
30/11/2025,1,0,0,0,0,0,0,1,2,3,8,0,6,4,5,1,2,2,0,0,1,2,2,2
01/12/2025,0,0,0,0,0,0,1,1,5,5,4,7,3,5,11,4,1,2,0,1,2,0,2,1
02/12/2025,0,0,0,0,0,0,2,1,3,4,3,5,10,6,3,5,4,0,1,0,0,1,0,0
03/12/2025,0,0,0,0,0,0,0,0,0,2,1,5,2,5,0,5,0,3,4,0,1,0,1,3
04/12/2025,1,0,0,0,0,0,1,3,1,1,2,1,3,0,6,2,3,0,1,1,0,0,0,0
05/12/2025,1,0,0,0,0,0,2,3,1,2,3,8,5,5,1,7,2,1,1,2,0,0,2,0
06/12/2025,1,0,0,0,0,0,0,2,6,4,4,6,5,5,2,3,2,2,1,1,1,1,1,1
07/12/2025,0,0,0,0,0,0,0,0,0,1,0,0,1,0,0,0,1,0,0,0,0,0,0,0
08/12/2025,0,0,0,0,0,0,0,2,0,4,1,2,2,4,0,2,2,1,1,0,0,0,1,0
09/12/2025,1,0,0,0,0,0,2,2,2,5,7,10,8,8,7,8,5,4,1,3,1,2,1,0
10/12/2025,3,0,0,0,0,0,0,3,7,6,6,10,12,3,6,9,2,2,3,2,2,0,0,2
11/12/2025,1,0,0,0,0,0,0,0,2,1,4,2,8,5,4,3,0,3,0,1,1,1,1,0
12/12/2025,0,2,0,0,0,0,0,2,4,1,4,2,4,4,2,2,1,1,0,0,0,0,0,1
13/12/2025,1,1,0,0,0,0,2,2,3,8,7,6,6,4,5,3,3,4,1,5,0,2,0,0
14/12/2025,1,0,0,0,0,0,0,0,10,4,5,10,8,8,5,9,2,3,1,2,3,1,1,2
15/12/2025,0,1,0,0,0,0,0,2,3,9,9,4,3,2,4,5,4,3,1,2,2,2,3,1
16/12/2025,0,0,0,0,0,0,1,2,2,4,4,1,2,3,4,6,4,4,1,1,1,1,1,0
17/12/2025,1,0,0,0,0,0,0,0,0,0,0,4,2,0,3,2,1,0,3,0,1,1,1,1
18/12/2025,0,0,0,0,0,0,1,2,2,4,9,5,5,3,5,3,0,1,3,4,0,2,0,0
19/12/2025,1,0,0,0,0,0,1,1,3,3,5,7,11,8,6,8,5,1,3,0,0,2,0,1
20/12/2025,1,0,0,0,0,0,4,1,3,3,6,2,7,3,6,1,6,4,1,0,1,0,1,0
21/12/2025,0,0,0,0,0,0,0,0,2,3,5,1,2,5,2,2,4,0,3,1,2,3,1,1
22/12/2025,0,0,0,0,0,0,1,2,2,4,6,5,1,2,0,1,5,0,0,1,0,1,2,2
23/12/2025,1,1,0,0,0,0,1,5,3,2,1,8,6,5,9,3,1,0,2,1,1,0,1,3
24/12/2025,2,0,0,0,0,0,3,2,3,3,4,5,9,1,3,4,8,2,2,0,1,0,2,1
25/12/2025,0,0,0,0,0,0,0,0,3,4,4,5,8,4,1,3,5,3,1,0,2,2,0,0
26/12/2025,0,0,0,0,0,0,1,0,4,3,4,4,12,6,5,2,0,0,2,0,2,3,0,1
27/12/2025,0,0,0,0,0,0,0,1,2,3,4,5,8,6,5,4,5,1,1,0,1,2,0,0
28/12/2025,0,1,0,0,0,0,1,1,4,5,2,2,4,4,6,2,1,3,1,1,0,0,0,0
29/12/2025,0,1,0,0,0,0,0,1,0,6,11,8,9,3,2,9,5,4,0,2,0,1,1,3
30/12/2025,1,0,0,0,0,0,0,3,6,5,1,7,6,3,7,5,4,2,2,2,4,2,1,0
31/12/2025,2,0,0,0,0,0,2,1,5,1,4,3,4,6,3,7,2,2,1,1,0,0,2,1
